5988
5989
5982
5983
5980
5981
5986
5987
5984
5985
6796
6797
6794
6795
6792
6793
6790
6791
6798
6799
6294
271
274
278
279
10709
10708
9528
9529
9258
9259
9256
9257
9254
9255
9252
9253
9250
9251
10619
2143
10618
2142
3519
3513
3512
3511
3510
3517
3516
3515
3514
2689
2684
2685
2686
2687
2680
2681
2682
2683
99
91
90
93
92
95
94
10693
1177
1176
1173
1172
1179
1178
10580
7188
7180
7181
7182
7184
3432
7186
7187
623
875
1225
3435
620
8549
8019
8018
8017
627
8013
8012
8011
7456
4592
7454
7455
7452
625
2036
624
4590
7458
7459
4591
2745
4849
4594
4595
10884
2749
10886
10887
10880
10881
10882
4845
10888
4598
10723
8291
4599
4734
8290
