14306
16579
6682
16154
9998
10836
5496
12105
17323
10450
12832
8391
1183
16313
2851
2003
558
16662
1780
1987
1667
4062
5808
7583
14308
6269
2574
1613
17398
16710
8312
4403
15201
10122
7544
12434
18350
15969
16727
18478
16293
1361
9373
3310
17438
5354
6862
12195
9352
1610
18348
5379
16583
4855
16533
10006
7551
7789
13170
7425
346
12981
11972
12006
14937
5730
13380
8179
2802
7715
1148
6586
1086
17240
17834
12727
15230
9238
8153
3056
9484
10247
14514
7268
6892
14855
6331
2835
17010
13098
1658
5631
8103
1892
389
9070
13778
10743
6278
8013
9298
18647
15701
13880
2380
7231
12873
8855
10108
5296
4787
9265
14767
12680
986
9236
12306
875
6254
3204
1997
12448
12340
17107
10964
425
9193
12788
12451
11226
6968
13870
10161
8277
3324
18249
15020
7613
9724
7380
5829
124
3812
14002
4164
7585
4680
12768
9331
1118
14446
2924
14199
5917
8668
3445
4119
4450
6249
8177
15956
6497
5628
11755
11358
8305
13179
14628
9696
9069
3139
12860
5865
10150
2180
13932
10815
4590
6565
15579
4449
4515
7307
16181
11227
7736
8869
13971
6503
14588
5006
12809
13480
16215
4473
5205
12643
11750
5460
2991
541
10511
17489
15708
4176
12470
17125
16617
4256
363
7198
2064
8857
16694
10996
15241
1607
13111
9131
11219
15976
99
12558
3101
5536
15704
10363
8119
13890
15767
1233
7742
13384
13621
6054
1592
406
6088
11679
4779
1504
18112
3654
7701
2856
12475
1021
10030
9375
9567
16731
1852
14972
8905
5726
7954
13433
1510
18058
12725
8219
9725
9177
10248
11815
13032
15840
14835
15752
156
12583
13076
12749
16310
4588
7769
6579
147
8265
12851
3668
9619
13860
4664
2439
16371
4643
2384
5466
6971
6495
7280
2412
1208
11975
16882
3919
15279
16747
12844
11986
6711
3321
11752
13196
3505
14116
1605
17114
3414
2206
10076
8689
5924
3186
3716
12384
17611
15092
777
4143
668
10012
11476
12395
2581
3356
2641
12081
8084
16059
11868
10669
16433
968
403
14463
12471
6501
11097
7242
1079
13465
3338
10404
3236
5650
5148
18447
9243
10862
9420
8202
13645
5074
9897
5028
12619
3802
18258
9799
0
10345
15442
10924
13410
5782
12033
2191
4646
6922
14763
10818
6033
172
7443
9171
5488
5846
13213
7357
16587
8398
13498
1843
11032
14117
7607
14566
3386
11269
10938
11149
13804
11611
11158
12109
6135
1037
1089
8017
10590
16478
7048
3539
1802
3837
11471
13387
12407
6859
8353
1173
4374
14453
4170
11349
1379
5916
15313
14527
14838
11354
12920
13945
10045
189
18319
11576
12206
14104
990
16513
7266
11015
12816
15760
263
8531
4295
5198
8885
12945
14427
8810
935
6990
12169
8580
2700
14415
10094
927
10755
413
12015
9735
13094
3830
17864
4673
15960
5298
4892
8634
6625
8238
3116
8812
13037
8598
14061
930
12362
13809
13132
14353
1526
14710
11683
15014
4912
1600
9421
4571
459
800
6122
18293
12181
10275
9364
15667
18050
9731
13827
16669
16370
239
8225
10646
14805
17286
4052
9033
15359
225
17119
13636
5554
12847
12880
14019
9481
17035
7342
1467
6423
1221
5955
4612
16414
729
6993
14754
8341
15689
14504
12027
5233
14342
8743
1075
18912
7708
959
10394
8645
3656
16804
4407
12841
13355
11469
3744
10715
10164
10019
7793
3419
8347
14377
1969
4117
3248
14513
1164
10652
5367
13834
370
688
4474
18238
1949
10936
4163
17126
2262
18506
4631
975
16178
15618
12796
13112
7165
6611
14908
17207
3111
16633
3260
6454
14639
5884
13278
10541
12820
14751
18268
17887
16429
14492
8295
3673
7411
296
16450
11189
16194
434
2743
1857
11187
12160
5225
12618
15024
4329
2366
3835
6967
13477
2839
2893
787
18284
2335
2573
1225
10192
7460
9096
12565
8664
18273
4377
12888
8535
8873
6855
8830
16249
1053
14699
4529
5825
14977
2212
6778
8193
325
2503
18148
12633
16951
1358
1497
1453
331
3524
14775
15807
17963
16182
6165
7730
17237
6068
7212
820
12575
4157
14144
13608
2623
2720
12212
8377
6076
8462
3753
12400
9770
5571
33
16420
12387
18064
13030
13376
229
12555
4441
5142
234
16645
4442
4118
17410
4212
4891
3547
5778
17433
8273
5030
5744
1789
14014
11939
3105
8130
14847
6716
16647
127
18049
7550
8557
7156
4279
9971
11114
15043
12426
8574
6252
3797
1447
796
6863
4793
9683
8822
1363
2771
15851
6011
13566
3958
7503
14717
5347
7225
9550
8453
9335
6799
15753
17520
6169
17986
427
15559
7900
17394
11461
3596
5105
5748
7978
3964
8482
2317
13489
9050
8036
11572
2318
13299
1859
16931
999
1798
1914
2429
3866
6727
5527
15273
6214
15912
281
11521
6540
7027
1428
8439
18432
2395
11188
764
12245
9121
18346
2908
11196
15891
2070
6745
3458
682
13046
15844
892
4755
1841
12912
13561
15528
2664
17571
13885
10224
15897
6050
13177
14739
3274
781
13301
2115
509
7397
10157
5871
7827
14008
5641
16025
14245
1936
9889
9492
6504
8550
9039
14553
14876
9527
5498
10945
1686
7022
11685
13962
16385
13910
971
14836
10389
14536
13782
4497
12089
14254
15480
14572
38
5235
2496
8383
4229
5266
4924
16912
12584
1994
8204
6977
13675
727
5139
2872
9597
14651
16483
18342
5648
3436
9760
4722
5398
6030
16495
14992
12671
7351
7975
8984
12457
14506
11240
4520
12244
15009
1563
13358
739
16466
9842
2166
7921
1222
1170
12802
11366
14507
9372
18415
8877
12036
12161
5623
18044
7062
3967
13437
18493
12401
6496
7885
14702
10900
18654
13726
13327
7666
14209
17187
16896
15223
2794
4270
2239
10660
12393
14889
1670
11348
15520
15254
11565
3219
12859
1608
4699
17254
4026
11238
6160
7557
13392
11531
14052
3613
15292
3544
7745
6756
8283
7306
15966
5517
15541
1144
223
3429
10346
2675
3290
1996
18061
2685
11988
95
13775
956
12690
11031
9679
13166
4466
1776
6168
1098
1784
12682
16941
18280
9830
15447
11482
11243
11782
1630
16476
18063
5827
1390
13002
9599
4934
5850
10520
5288
13545
12548
5656
9506
14936
9606
2815
10841
804
2630
15936
86
14976
18484
7077
9237
14851
11896
16214
12764
17106
13218
4696
6919
5853
11460
10649
3155
9810
14625
3113
1241
8986
5431
11822
6342
16919
7335
18310
6304
16684
13830
8573
11570
15266
13055
9269
10935
13436
15567
7810
18069
9066
12953
3723
2085
6077
11215
187
12324
15820
15592
5547
3569
15645
9797
11921
2045
8502
8279
4002
2584
12553
13106
2837
8571
4990
14518
1218
5143
10321
18712
2228
13274
3377
921
2580
5315
5555
16927
1709
7566
14678
17305
7209
8524
13927
8746
17320
2056
11758
13487
13203
4681
4910
2360
9670
7558
11948
18034
7882
13741
5096
13818
2842
14784
7931
9249
2294
15054
9781
17299
9848
3258
9808
10061
3571
11798
6215
17113
3224
5215
6726
13849
2927
9610
8270
10489
11566
11646
13743
4169
2008
15017
13051
14776
13191
12376
13925
12562
7322
5864
5791
13537
7370
6797
3092
2082
1308
3146
3170
10166
2730
1790
17055
7054
12086
14559
14370
15224
